1 0.142647 0.510742 0.097059 0.443359
0 0.135294 0.409180 0.064706 0.138672
0 0.142647 0.543945 0.067647 0.068359
0 0.414706 0.415039 0.129412 0.119141
1 0.657353 0.140625 0.144118 0.273438
0 0.513235 0.195312 0.102941 0.207031
0 0.382353 0.199219 0.082353 0.089844
0 0.508824 0.582031 0.082353 0.066406
0 0.444118 0.768555 0.082353 0.083984
0 0.369118 0.944336 0.061765 0.068359
0 0.394118 0.536133 0.064706 0.126953
0 0.629412 0.381836 0.047059 0.048828
0 0.867647 0.465820 0.082353 0.060547
1 0.913235 0.604492 0.155882 0.162109
1 0.614706 0.762695 0.135294 0.166016
1 0.305882 0.510742 0.094118 0.111328
0 0.017647 0.230469 0.029412 0.027344
0 0.686765 0.080078 0.050000 0.078125
0 0.860294 0.979492 0.050000 0.041016
